1000 0.006741
990 0.006665
980 0.006603
970 0.006525
960 0.006470
950 0.006369
940 0.006336
930 0.006188
920 0.006179
910 0.006103
900 0.005999
890 0.005973
880 0.006097
870 0.005879
860 0.005691
850 0.005705
840 0.005656
830 0.005618
820 0.005630
810 0.005478
800 0.005345
790 0.005239
780 0.005218
770 0.005150
760 0.005074
750 0.005127
740 0.004943
730 0.004966
720 0.004841
710 0.004761
700 0.004657
690 0.004550
680 0.004493
670 0.004429
660 0.004400
650 0.004370
640 0.004378
630 0.004170
620 0.004073
610 0.004152
600 0.004090
590 0.004792
580 0.003851
570 0.004060
560 0.003964
550 0.003925
540 0.003671
530 0.003544
520 0.003419
510 0.003372
500 0.003375
490 0.003296
480 0.003191
470 0.003149
460 0.003131
450 0.002955
440 0.003004
430 0.002861
420 0.002796
410 0.002780
400 0.004382
390 0.004234
380 0.004104
370 0.003432
360 0.002481
350 0.002454
340 0.003508
330 0.003453
320 0.003256
310 0.003120
300 0.003159
290 0.003127
280 0.002944
270 0.002900
260 0.002744
250 0.002691
240 0.002554
230 0.002929
220 0.003371
210 0.003272
200 0.003801
190 0.003986
180 0.004261
170 0.002496
160 0.002401
150 0.002306
140 0.001979
130 0.002064
120 0.002299
110 0.001756
100 0.002482
