1000 0.009290
990 0.010500
980 0.007185
970 0.007242
960 0.007150
950 0.008566
940 0.006939
930 0.006965
920 0.006709
910 0.006860
900 0.007538
890 0.006598
880 0.007243
870 0.006308
860 0.006497
850 0.007132
840 0.006437
830 0.006342
820 0.005954
810 0.006510
800 0.006867
790 0.005800
780 0.005745
770 0.005497
760 0.006193
750 0.005619
740 0.006348
730 0.005060
720 0.005488
710 0.004933
700 0.005260
690 0.005106
680 0.005640
670 0.004798
660 0.004988
650 0.004776
640 0.004749
630 0.005098
620 0.004848
610 0.005416
600 0.004086
590 0.004498
580 0.004285
570 0.003965
560 0.004175
550 0.004058
540 0.003955
530 0.004521
520 0.003458
510 0.003583
500 0.003948
490 0.003338
480 0.003388
470 0.003396
460 0.003350
450 0.003266
440 0.004209
430 0.002986
420 0.002925
410 0.002737
400 0.003023
390 0.002732
380 0.002753
370 0.002656
360 0.002703
350 0.002526
340 0.002478
330 0.002488
320 0.002493
310 0.002565
300 0.002025
290 0.001963
280 0.001881
270 0.002000
260 0.001938
250 0.001825
240 0.001661
230 0.001570
220 0.001502
210 0.001458
200 0.001431
190 0.001384
180 0.001431
170 0.001190
160 0.001216
150 0.001147
140 0.001033
130 0.001289
120 0.001190
110 0.001185
100 0.001074
