1000 0.006779
990 0.006698
980 0.006579
970 0.006593
960 0.006450
950 0.006365
940 0.006373
930 0.006210
920 0.006201
910 0.006085
900 0.006128
890 0.005955
880 0.005926
870 0.005880
860 0.005853
850 0.005687
840 0.005638
830 0.005634
820 0.005571
810 0.005412
800 0.005355
790 0.005284
780 0.005251
770 0.005159
760 0.005048
750 0.005038
740 0.004908
730 0.004842
720 0.005149
710 0.004828
700 0.004688
690 0.004749
680 0.004583
670 0.004481
660 0.004434
650 0.004377
640 0.004293
630 0.004218
620 0.004077
610 0.004063
600 0.003991
590 0.003951
580 0.003818
570 0.004028
560 0.003941
550 0.003739
540 0.003587
530 0.003517
520 0.003432
510 0.003451
500 0.003312
490 0.003163
480 0.003242
470 0.003029
460 0.003047
450 0.002982
440 0.002900
430 0.002772
420 0.002788
410 0.002724
400 0.002677
390 0.002506
380 0.002521
370 0.002434
360 0.002325
350 0.002260
340 0.002190
330 0.002244
320 0.002008
310 0.002115
300 0.001999
290 0.001841
280 0.001820
270 0.001804
260 0.001663
250 0.001619
240 0.001601
230 0.001471
220 0.001423
210 0.001340
200 0.001285
190 0.001214
180 0.001217
170 0.001084
160 0.001097
150 0.000967
140 0.000883
130 0.000798
120 0.000787
110 0.000728
100 0.000709
